0000000000100000000000000000000000000000000001000000000100000000000000000000000101010000000000000000
0000100000000000000000000000001010000000010000000000000000000000000100001000000000000000010000000000
0000000010000010001000000001000001110000001000100010000000000001000000000000000000000000001000000000
0000000100000000000100000001000001110000000001000100000000000100001010001010000000000011000000000000
1000001000000100000000000110000001000000000000000010000000000100000010000100100000001000100000000000
0010000000000001000000000000000010000000000000010001000000000000000001000010010000000000100101010001
0000000000000100010000000100000111001000000100000001000001010000000000001000000000000001000000000000
0000000000000000000100000000000010000000010000000000001000100110000001000000000100000010000000000000
1000000100101100000000000000100000100000000000100000000000000000000000000000000000000000010000000100
0000001000000000001000001001000010100000000100000001000001000000000010000000000010100000000000000000
0000000010001100000000001011000000000000001000000000000001000001000100000010000000000000000110000001
0000000100000000000010011000000000000000010000000000000010000000000100100000000000100000000000000000
0000000000001001000000000000000000001000011100011000000000100100000000000000000100000000000000000001
1101111100000110000000000010000000000000000000000000000000001000000000000001000000000000000000000001
0001000001001000010000000000001000000000001000000001000001000000000010010000000000000000000010000000
0101000000100000100010000000001000000000000000000000000000001000000000000000000010000000000000000000
1000000000000000000000000000010100000000000010000000000000000100000000001000100000000000000000100000
1000000010010000010000000000000000001000000000110000110000010000000000000001010000000000000100000100
0001000000000000100000000000000000001000000000000000010000011000000000000000001000000000001000000000
0000000000100001000000100001100000000000000000010000000000000010101010000000000101010100000000000000
0000100100000000000000000000011110000000000000000000000000000000010000000000000010100000001001000001
0000000000001010000000000110000000000000101000000000000000000000000000001001000000000000000000001000
0000000000000010000010000000000100000000000000000000000100000110100001000000001000000000000000100000
0010000000000000100000000000000000000100111000010110100001010000000100000000001000001000000001000000
0000000000000000000000000001000000001000000000100000000000010000000001000000000000000010000100000000
1000000010100000000000000000000000000000000000000000010000000000011000000100000000000000000000000000
0000000000010000001100000000000000000000001010010000000000000001000000000001000000100010000000000000
0000100010000000000001000000000000000010000000000000010000000100000000010000000000100000000000000010
0001000000000100000010010010000000000000000010001000100000000001101100000100000000010100110000100000
0000000100000000000000000000000010000000001000100000000000000000011000100000000000010001000000000000
0000000000000000000000000000000001000000001001000000000000000000000000000000001000000000000000000000
0000000000000000000010000010000000000000000000000001000000000000000010000000010100000010000010100001
0000100000000000000000010000000000000000010000000000000000000100000000000000000010000100000000010000
1000000000100000000000000000000000000000000100001010000010000000010010000000000000000000000000000000
0000000001000000000000000000000000001001000000000100000000010000000000000000000000000010000000001000
0000000000010000000000000000000000010000000100001000000000000000000000000010100001000000000000000001
1100000001000000000000001000000000001000000000010000000000000000010000100010000100001000000010000000
0000000000000000000001000100000010000100000000000000000000000000010000000000000101100000100000000000
0010000000000000010100000000000000000010100000000000000100000000000000000000000000000100100000000010
0000000000000001000000001000000000000001000000000000000000110000010000000100000000010010001001001001
0100000000001000001100000000100000100000000000100000000000100000001000000001000000000000100000000000
0000000000100000001000000010000000010000010001000000000000110000000010000000000001000000000000000000
0100000100001000100000000000000000001000000001000000000000000000000000000100000000000110101001000000
0001010000000000000000000000000000010000000000010000000000010000000000000000000100000011000000000000
0001010000000100000001001000000000000100000000001000000001000000001010000100001000001010000000100000
0000010000000000100110000110010000000000000000000000000000010010010001000000000011000000000000000000
0000101000000000000000000000010000010001000100000000000100001000000100000010000000101110000000010000
0000100000000000000000100000000000000000000000010000000000000000100000000000000000000001001000000000
0000100000100000000000010000010000000000001000001000000000000000000000000011010001000011001000000100
0000000000000010010100100000000000000000000000000000000000000001000000000000100000000000000001000000
0000000000000000000000010000100000001100000000010001100000000000000000000000000000000000000000001000
0000000000100000000000000000000000100000000001000000001000000000000000000000001000000000000000000100
0000000000100000000000000000000000000010000100000000001000000001011000000000000000000000000000000000
0000000010100100000000000000000000000000000000000000001000000000000000000010000000100000000010000000
0000000000000000010010000001000010000000100000110000000000000000110000011000110001000000010000000001
0000001000000000000100000000000000000000000000000000000000000001000001010000000000100100000000000000
0000000100100000000000000000000000000000001000100000100000001000000001001000001000010000001000000100
0000000000000001000000000000000010101000000000000000000010000100000000000000000000001010100000000000
0000000010000001000000010000000000001000010001000000000000000000000010000010000000000000010000000000
0000000000000100000000010000000110000000000000000000000000000000000000000001000001000101001100000000
0000000000000000001000000000000000000001000000000000000010000000000000000000010000000011000000000000
0000000000100000000000000000000000000000000010010100000000000010100000000000000100000010000100000110
0001000001000010000000010100000000000100000000000000001000000000000000010000000000000000001100000000
0000000001000101000000000000000000000000000100000011000001000000001000010000000100000100001000000000
0000000000101000000000000000000100000000100000000001000000000000001000000000000000000001000000000100
0000000000000000001000000000010000000000000000000000000000000000010010000000000000100000100010000000
0010000010000000010000000100001001010000000000001000100000000000000000000100000010000000000100000011
0010000000000100000000100000100000000000000000000100010000001000000001000010000000000000000000000000
0000000000000000000000001001101000000000010000000000000000100010000000000000000000000000000000110000
0000000100000000010000010000000001000000000001100000000000000000000010000000000000000000100000000000
0000000100100010010000000010010000000000000000000000000000001000000001000000000000001000000000000000
0000000000000000110000000000000000000000010000000000000000000000000000000000100000000000000000000100
0000000000001000000000000000000000000000000010000000000000000000000000000000000000001001000000000000
0000100000000001000000000010000100100000100000010001000010000000000100000000000000000000000000001101
0000000000100000000001001000000000000000100011000000000000100010100010000000000000100001000000001001
0000000000001000000100000010000000000000000000000000000100000000000000000000000100001011000000000001
0000010110010000001010000000100000000000000000000000000000000000000000001000000010000000100000000100
0010000000010000000000001001000000000000000010000000000000000000001000000000000000000000010000000101
0000000001000000010000000000000000000000000000000010000000000001100000100000010000000000000000000001
0000000000000000100000001000000000000010000110000000000000000000000000001000000000000000000100010000
0000100000000000000000100000100000100110000101000000000000100000000000000000000000000000000000000000
0000010000000010000000000100000010001000000000000000000000010000000100000010000000000000000001000000
0000000000001100000010000000000000000000001001001000000000000000000011001000000000000000000000000000
0001010000100100000000000100000010000000000000000100000000101001000010000000000000000000000101000010
0000001000000000001001000000000000000110000001000000000000010000110000000000000000001000000000000011
0000000000000000001100000010011000000000000001000000000000000010000000000000000100010000000000000000
0000000000000010000000000000000001000000010000000000000000000000100000000000000000010001100001000000
0000000111000000000010000000000000000010000000001000000000000000000000000110011000101001000000000000
0000000000000000000010000000000010000000000001000100000000001000000000000110000000000000001000000000
0000100000000010000110000000100000000001000100000000000000000000010000000010000010110000000001000000
0010001001000100000001000000000000000100000000001000000000000000000000000000010000000000000001000000
0000000000000001000000001001000000100000000100000000000000000000001000000000000000000000001000000000
0000000101000000000000000000000000000100100000100000000000000010000000000000000010000000010000000000
0000000010000000000000000001000000000110000000000000000010000000000000000000010000000000000000000000
0000000000010000010000000000010000000100000000000000000001100001010000000000001000000000010000000110
0000000000000000000010000100000000010000000000000010010000000000000000000001010000010110100000000000
0101000000000000000000100000000000000000000001000000000000000000000000000000110000000010010000000100
0000000000000000000000000010000000000000000000000000000000000011000000010000000100100000010000000000
0000010000100000000000000100010000000000000010001100100010000000000101000000000000000000000000101010
0000000000001010100000100000100000001000000001000000010010000000000000001000000100000000010000000000
